0.5
0.47565491682325955
0.4318160462571541
0.4169498793417006
0.40447212254366605
0.398644510871236
0.3936981138722331
0.38831641364231473
0.38717553488822887
0.3861577948264312
0.3858142612261872
0.38537879557770793
0.38527450827677967
0.3851550436047546
0.38510449747991515
0.385150228983548
0.38509284200699767
0.3850494681209966
0.38498202756090905
0.38487321581851575
0.3848754618484236
0.3848504022025736
0.38487323174922494
0.3848831129434984
0.3848884476610692
0.3848791509735747
0.3848718386798282
0.3848573711657082
0.38484792410963564
0.3848467734824226
0.3848552750314411
0.3848512107215356
0.38485725038844976
0.38485003494133707
0.3848574777475733
0.3848512804506754
0.3848571597445698
0.38485338880491327
0.384856578464678
0.3848547092420631
0.3848583687977225
0.38485690890956903
0.3848605080929701
0.3848603008336795
0.38486302440651343
0.3848635872818704
0.3848671397936414
0.38486776627905783
0.38486950423248345
0.38487086711757
0.384873570943455
0.3848741741385311
0.38487509564947686
0.38487520837952616
0.384875860025204
0.38487573132442776
0.384875694893708
0.3848753550591937
0.38487560460998793
0.384875190728053
0.384875570438453
0.384875358777208
0.38487543806331814
0.3848753212587326
0.38487547498516506
0.38487527580582537
0.3848752342091757
0.3848752531594073
0.38487539633206325
0.38487537615947076
0.38487543654991896
0.38487543050723616
0.3848754801583709
0.38487547866316163
0.3848755046383303
0.38487551535945386
0.38487553513914463
0.3848755212529795
0.38487555937535944
0.38487555321262334
0.38487556857580785
0.38487556347899954
0.3848755756043829
0.3848755786275433
0.38487558732231264
0.3848755895123759
0.38487559935310856
0.3848756028673961
0.3848756204570236
0.3848756224651879
0.38487562721275026
0.38487562766385963
0.38487563018497895
0.3848756298975786
0.384875631894829
0.3848756309271266
0.38487563177841366
0.3848756314255297
0.3848756263287214
0.38487562755835825
0.3848756256047636
0.3848756255538319
0.38487562474620063
0.38487562422960764
0.3848756227089325
0.3848756225379475
0.3848756217485061
0.38487562163209077
0.3848756213665183
0.38487562183945556
0.3848756216248148
0.38487562203226844
0.38487562194495695
0.3848756221268559
0.38487562216687365
0.3848756223778764
0.38487562237423845
0.38487562254158547
0.38487562255977537
0.38487562271984643
0.38487562280351995
0.38487562309455825
0.384875623141852
0.384875623134576
0.3848756231891457
0.38487562320005964
0.3848756232546293
0.3848756232619053
