0.5
0.47389726590699865
0.43184996474155923
0.4163928858106374
0.40669550997699844
0.3988396454769827
0.393315709385206
0.3871137316309614
0.3845236635024776
0.383694783111423
0.38320504872172023
0.38281902675225865
0.38239804149998236
0.38224136555436417
0.3821069834739319
0.38200876463088207
0.38187840313185006
0.3817568332742667
0.38167735366369016
0.381573722603207
0.38154607105025207
0.38145929740494466
0.3814250422947225
0.3813972673124226
0.3813673086842755
0.3813525305085932
0.3813351864082506
0.38132716329346295
0.3813186596635205
0.38131128625536803
0.3813089446266531
0.3813000371083035
0.3812973365857033
0.381293776925304
0.3812918994262873
0.38128857083574985
0.38128685198171297
0.3812847357294231
0.38128321138356114
0.3812809297814965
0.3812805148845655
0.381279580968112
0.3812797687241982
0.3812792469652777
0.38127927477034973
0.3812789722724119
0.38127895819343394
0.3812789216062811
0.38127891931071645
0.3812788117757009
0.3812787726492388
0.3812786007547402
0.3812782458917354
0.3812777228304185
0.38127757685651886
0.3812774779362371
0.3812774561738479
0.3812774505422567
0.3812774705438642
0.3812774496145721
0.381277460102865
0.38127745367819443
0.38127748055558186
0.38127744979283307
0.3812774509533483
0.38127741122298175
0.3812773902936897
0.3812773394056421
0.38127731992062763
0.38127729732514126
0.3812772929959465
0.38127728379913606
0.3812772680321359
0.3812772617529845
0.3812772693054285
0.3812772632263659
0.3812772647870588
0.38127726022867137
0.3812772428500466
0.3812772406854492
0.38127722756325966
0.3812772252240393
0.3812772119672445
0.38127720905686147
0.38127719765907386
0.3812771971861366
0.3812771829252597
0.3812771842094662
0.3812771726734354
0.38127717350653256
0.3812771644879831
0.38127716385861277
0.3812771570046607
0.3812771548255114
0.381277148022491
0.38127714808797464
0.3812771417906333
0.38127714202346397
0.3812771363045613
0.38127713706853683
0.38127713249923545
0.38127713308131206
0.38127712999630603
0.3812771316297585
0.3812771288721706
0.38127713009816944
0.3812771281445748
0.3812771300363238
0.38127712989080464
0.3812771316625003
0.3812771323355264
0.3812771345801593
0.3812771370903647
0.38127713795984164
0.38127713807989494
0.3812771388220426
0.3812771387347311
0.38127713974245125
0.3812771396296739
0.38127713984431466
0.38127714017537073
0.38127714159418247
0.38127714133588597
0.3812771417760814
0.38127714190704864
0.38127714262736845
0.3812771427183179
0.38127714297297643
0.3812771431184956
0.38127714329675655
0.38127714354050113
0.3812771437878837
0.3812771438388154
0.38127714391157497
0.38127714405345614
0.3812771440243523
0.3812771440279903
0.3812771440971119
0.3812771440971119
0.3812771440971119
0.38127714410438784
0.3812771441262157
0.3812771441989753
0.3812771442280791
0.38127714423899306
0.38127714424263104
0.38127714420625125
0.3812771441989753
0.38127714419169934
0.3812771441771474
0.3812771441625955
0.38127714406800806
0.3812771440243523
0.38127714400252444
0.38127714396978263
0.3812771439552307
0.3812771439443168
0.3812771439406788
0.3812771439261269
0.3812771439261269
0.38127714391157497
0.38127714391521295
0.381277143907937
0.38127714390066103
0.3812771438933851
0.38127714389702305
0.3812771438861091
0.3812771438861091
0.3812771438751952
0.38127714387883316
0.3812771438679192
0.3812771438679192
0.38127714386428124
0.3812771438679192
0.38127714386428124
0.3812771438570053
0.38127714386064326
0.38127714386064326
0.3812771438570053
0.3812771438533673
0.3812771438497293
0.3812771438497293
0.3812771438497293
0.38127714384609135
0.3812771438497293
0.3812771438497293
0.3812771438497293
0.3812771438533673
0.3812771438533673
0.3812771438533673
0.3812771438570053
0.3812771438533673
0.38127714386064326
0.38127714386428124
0.38127714386064326
0.38127714386428124
0.3812771438679192
