327671.661315
265432.925037
217990.503756
179602.039619
148898.556104
123338.031926
101176.532401
82308.2212417
67173.5963013
55845.3048082
47628.0453285
41489.884016
36941.7226251
33463.0660242
30661.1263574
28382.3721424
26540.8194533
25057.6759788
23843.1085909
22826.349156
21939.6232179
21145.5108205
20420.2705412
19750.9636455
19128.6463695
18545.9100666
17998.1981309
17481.5166111
16993.0585939
16530.0470157
16090.09114
15671.5622735
15273.2770029
14893.4391627
14530.1379644
14182.5705942
13849.8799084
13530.3924984
13223.7337372
12929.2090628
12645.8559318
12373.0635007
12110.0428327
11856.3333613
11611.6059578
11375.2780651
11146.9265762
10926.1363892
10712.6833799
10506.05158
10306.0316721
10112.2656288
9924.34571855
9742.05458097
9565.0413105
9393.16633732
9226.22001429
9064.01098412
8906.29681855
8753.04357266
8604.00274735
8458.92288387
8317.66529136
8180.1072333
8046.09874585
7915.47735346
7788.10408615
7663.8310616
7542.59757997
7424.30618019
7308.94004348
7196.2917083
7086.26801851
6978.77046095
6873.67765911
6770.94429193
6670.55413376
6572.36696296
6476.30793822
6382.31760514
6290.32904943
6200.32884325
6112.25623121
6026.02262839
5941.55280281
5858.8386294
5777.84082245
5698.49973279
5620.72498563
5544.4565231
5469.65894335
5396.28830123
5324.33338356
5253.75652813
5184.50949138
5116.6188074
5050.01825083
4984.6435391
4920.48270325
