2.3555996146884013
2.313494747987453
2.112467777633369
2.0648788416792603
1.7753482222167374
1.5188672928573712
1.23153115398815
1.0341052266282043
0.929165975933165
0.8597506394821528
0.8089974386567461
0.7689099592446662
0.7306629656740956
0.6830304519352366
0.6536619160660281
0.6080387190290064
0.5896702090630602
0.5522220925184851
0.5239700430416575
0.49307399103976424
0.4803660597557941
0.47095971152954846
0.46092821488367786
0.45074519336180274
0.4321673069416169
0.4176214036148754
0.40036309215259225
0.39043474501348785
0.37621145343901036
0.362266295740327
0.34995617026896425
0.3420545914915685
0.3357426601868073
0.3291889394070409
0.31740209137877573
0.30700343865731416
0.3020713253203238
0.29565340624622716
0.28761847579604294
0.28052848489539767
0.27582977066833636
0.2704799312295469
0.2650491936065157
0.2567722177316751
0.2473980007033693
0.24345168638415324
0.23885591560120037
0.23638819234314717
0.23402482343141653
0.22494272967818216
0.22165078833436386
0.21780005787163018
0.21386486266363872
0.21088613251742952
0.20683489513880074
0.20263591416581503
0.1990502444964921
0.19467776120628716
0.19300290546755028
0.19007084695715934
0.18834667283374112
0.18586120203502624
0.1825233701124116
0.17894381113904093
0.175336841162214
0.17294718682000884
0.1694878071018679
0.1669226286110267
0.1639536444299025
0.16121929307738755
0.1583070097429392
0.15667154940991318
0.15454535933751254
0.15288127086334316
0.1509928722296275
0.149348378510678
0.14711255711125412
0.14576406369265338
0.14390504196603002
0.14215180995450408
0.13994786164118156
0.13763324921003253
0.1357681570224283
0.13452635765603463
0.13235313483475658
0.13129425443389237
0.12958947938988472
0.12866715657822844
0.1271460094075123
0.12548146317008968
0.12398225950615924
0.12260067220236298
0.12105756142980482
0.1198260408824673
0.11819944324717203
0.11749028472985537
0.1161203710140502
0.11552273404201703
0.11412672764569838
0.11322765251780155
0.1123660711984922
0.1108531145230656
0.11041927680341652
0.10813609420739818
0.10752862231852749
0.1065576849703683
0.10557244100161027
0.10460371979220828
0.10260215468442518
0.10242258377671704
0.10101804301404693
0.10033544643966164
0.09924174748518033
0.09823651156949968
0.09705556720278531
0.0960278968723354
0.09479048478669229
0.09403102532874204
0.09322138054103608
0.09249082897449126
0.09182922464428608
0.09064765402408712
0.08962874826581244
0.08893098749395947
0.0879704372714712
0.08741149496915987
0.08638178892198314
0.08569709861971919
0.08505702724187537
0.0840783144121212
0.08321264395683897
0.08260610605495841
0.0816075463807836
0.08070890841917305
0.07992855395591572
0.07898964084574307
0.07852552709194721
0.07778429339188511
0.07759396800840664
0.07653458406054109
0.07610414456922461
0.07566007576596905
0.0749767171206233
0.07398087249506013
0.07279780408905717
0.07220447989952784
0.07149559656829156
0.07115709434555641
0.07061490410368416
0.06973810987932264
0.06916591727181876
0.06854381984883014
0.06794332854114628
0.06742801503411641
0.06695519517789769
0.0665314866317567
0.06592551680118124
0.06522480886040508
0.06436571376113422
0.06393586532125524
0.06349104523612009
0.06301809918942876
0.06244860537400368
0.06150238341375797
0.06138323106625354
0.060724192777353775
0.060423542746535074
0.05987580425204426
0.059256587871332506
0.05880153737479892
0.0581165627180409
0.057650758555013726
0.05709060237341047
0.05678952105177319
0.056282667170925775
0.055813088380065747
0.05530186936239922
0.05475696141376
0.05418054397390309
0.05363753226046976
0.05320534205120515
0.052868980895127156
0.05226085311133486
0.05175269300890526
0.05134377105525069
0.05092257018258398
0.050588068212418374
0.050166036861233367
0.04977554710340287
0.049138722529504755
0.04876007059472626
0.04832675705439433
0.04786485830028492
0.04751374904242292
0.04708134930864804
0.0465976514721835
0.04625725669852026
0.045819768310269564
0.04529977894020964
0.04499317295526325
0.044690603555616985
0.044441041780869814
0.04404458472299798
0.043620589363747624
0.04348139242115595
0.04285255822405849
0.04269790608557972
0.042322729465404246
0.041922850065109096
0.041483369391819964
