0.8383185609308009
0.6930411019233401
0.6925838754957456
0.6925558535683038
0.6924244671769316
0.6921400207492712
0.6913587628402288
0.6894938067573665
0.6853110276790436
0.6781924587943896
0.6696656911095246
0.6620959449667135
0.6561819034027351
0.6513462752179425
0.6442812940764562
0.625996289957656
0.6075334668245747
0.5722110063117684
0.5709763069753659
0.57052071017278
0.568848059190554
0.5631018132344671
0.549555888899664
0.5141349747909922
0.46465157896802867
0.4271712723349017
0.3694952811001069
0.36267277366923245
0.35978824357304157
0.3591896006845666
0.3564462425283305
0.34901566860727223
0.3363115090750151
0.31924712720108805
0.31058602515487527
0.3102555867891418
0.30877081633833486
0.308543728593396
0.3081113492433131
0.3075713228324281
0.3062974331008152
0.3057719761604003
0.3033155609450663
0.30285247826737655
0.3026760232943841
0.302452483608054
0.30207111242672613
0.3014124912072789
0.30066857754167237
0.2986849642372897
0.29521073732939185
0.2884601881855366
0.28421776694080075
0.28098216491187067
0.2786121046769729
0.27740694872412885
0.2767882530750299
0.2762927184893502
0.2751081130466059
0.2738327538762837
0.27328309156989095
0.2728958648312393
0.27208289875804403
0.2714199572351383
0.2705665280191556
0.26938798741074094
0.268272362373081
0.2675001280304878
0.2667077296990175
0.26533390008115587
0.26482742806324555
0.26401940013813724
0.26299554311485673
0.2620937333534199
0.2613170574978908
0.26062088354043567
0.25996241934232645
0.25973535597363606
0.2594445047511727
0.2583555583337531
0.2578493687807873
0.2571543083678449
0.25680052164932177
0.25626886678307303
0.25564558114500235
0.2549859249478982
0.25435340475151386
0.2537873291378946
0.25280741747366525
0.252656345620441
0.25229780327407697
0.2518073257070384
0.2510171063302096
0.25044606400013864
0.2502614876845701
0.25007402924039696
0.24987181983057294
0.2496982490933311
0.24930094659073923
0.2485678405357213
0.24825913746519906
0.24747922333185854
0.24679145935407568
0.24648074680122722
0.2462874429366816
0.24603322154909246
0.2459245824518078
0.24588699891394256
0.24563802719906633
0.24534649347846446
0.24513211824186917
0.24490185668472284
0.2448446803835522
0.24450278647175763
0.2443652928877735
0.24418570751997246
0.24407304727674348
0.24403517869530986
0.24343704680680597
0.2425066349310821
0.24151179302822146
0.24137423806945504
0.24109175298474622
0.2409299941257354
0.24065787726872653
0.23995856334388616
0.23959065627324141
0.23925372545682255
0.2391263013903037
0.23908924954689761
0.23903817095798824
0.2390182213124443
0.2389859213749098
0.238899537887949
0.2387615827151041
0.238640833779832
0.23834812482749781
0.2381109571808237
0.23782546114247474
0.23763381431085792
0.2374500933920973
0.23730884495702953
0.237195638811179
0.23710792696523794
0.2369275366498324
0.23678652230536087
0.23628468897252544
0.2361010051422752
0.23582575484913698
0.23568725693536172
0.23549215745284016
0.2353875959904754
0.23534568452428498
0.2352490931945737
0.23517653574814654
0.2350744951759678
0.2348720102145481
0.2344448795601562
0.2342971014489247
0.23401638189475854
0.23370982537871873
0.23347929076303472
0.23328624157962427
0.23325678792518478
0.23319019679584221
0.233153278800418
0.23311283317019815
0.23298520301587206
0.23271645925108447
0.23243119432007503
0.23228506844968755
0.23220230467045624
0.232024017804239
0.23182252906114506
0.23160159337966402
0.23153839953628702
0.23138284567826947
0.23133833847121532
0.23130805419425204
0.23124674746376847
0.23110525379549865
0.23100783252327728
0.2308196431438722
0.23046229317202338
0.2303339059225701
0.23029677147520183
0.23012330094123037
0.23007385392474758
0.2300368216869711
0.229992934748297
0.22993559427633045
0.2298321125455999
0.22970263221196796
0.22958567873864738
0.22951378311009807
0.22937119529451472
0.22933583499817958
0.2293069825360115
0.22913741994927014
0.22905061113957362
