107.07691212853423
106.09026816894706
105.23595474758642
104.4824067313304
103.74858521694085
103.15074589150613
102.60352503359259
102.07416577371117
101.51977605263046
101.00106301686678
100.62726067968545
100.21431375764853
99.85576529826635
99.48541855832427
99.201349437228
98.93362414160575
98.55311613202004
98.25705252977038
97.98583316389971
97.6623479603685
97.41317477456262
97.19718543363437
96.88747065282949
96.71233099804866
96.50078645974847
96.31283473339901
96.10704714860468
95.86474823990734
95.67786823679103
95.48724205539077
95.28907912477479
95.12904834842641
94.95684731411308
94.81304468629101
94.67291341361394
94.50430948483468
94.34844147102302
94.1955760045438
94.0802581582352
93.95315291016014
93.80475689018556
93.67382108385507
93.52361365233736
93.35333395477252
93.19836024031235
93.09691162511362
92.953041765232
92.85106472750948
92.74052925664641
92.60896951884531
92.49628479674207
92.3836377459081
92.30546605608637
92.20338769992223
92.09390794805566
92.01582997074144
91.92392847187176
91.82999368813444
91.74924610986795
91.60734337429571
91.53851847564022
91.44447861060978
91.1810885417348
91.10785724885768
91.01777770464207
90.90737124323081
90.84159490926558
90.77358041290223
90.6867237719326
90.5826593797801
90.49610752363635
90.43704811024013
90.36599132873651
90.27164991622419
90.1943260058614
90.10749394320052
90.02697512687905
89.88604787096456
89.80757717878085
89.71925471545528
89.64554944075519
89.57644494404252
89.49367055676906
89.4354480054518
89.36604297637794
89.300012706309
89.23529676277506
89.18485925323495
89.10023993239417
89.01373634832142
88.96538724728586
88.89741316191828
88.84884878517634
88.77192668830791
88.68837113757563
88.63949289630412
88.59016088283929
88.53162941196301
88.33168610925385
88.2498631070597
88.20174621409153
88.14890482577279
88.0914837229097
88.02963316400665
87.97756428955468
87.93359426937633
87.88205051019867
87.82304169864582
87.77801747275119
87.72006593654675
87.66587903828308
87.6096338897589
87.5320896881938
87.49131309750484
87.44541976617467
87.38696230630747
87.34403463480339
87.30839304228084
87.26298081222694
87.21253110947043
87.14852348937377
87.09792681886788
87.03089716548551
86.92510607454253
86.86969021680214
86.81392786982494
86.76348236049144
86.7205084104672
86.68178784042914
86.62720777202074
86.58785169890321
86.53879719032925
86.49463807177217
86.41134738404152
86.35149711674596
86.28942504958913
86.23806720408221
86.1878522027095
86.14196370759697
86.08433763238007
86.03863621251953
85.99751391356831
85.92412071254746
85.87492724679153
85.83807202451179
85.78460820905514
85.74068806493052
85.70586824622414
85.65343870736811
85.61482497662686
85.56820821564428
85.51453538307464
85.4673765987483
85.42271157609845
85.38386213220008
85.33527584516291
85.29350728297729
85.26182658033365
85.20547539495948
85.15004228734439
85.10507338871288
85.06424418472298
85.02104858586056
84.98613079960265
84.9423011963607
84.88598875335163
84.8562970848304
84.800434448738
84.75678198321809
84.72638566645497
84.68500168626656
84.65390269344286
84.61421313771055
84.58306045952844
84.53497864361698
84.4939094081275
84.4667530292318
84.41990673430293
84.3736290742734
84.32355544254918
84.28746813608466
84.24712122560982
84.20598875911847
84.15684294876667
84.12292886952618
84.08616043535116
84.03690364765232
84.00683052842487
83.9686030944567
83.93628232592145
83.88839814762004
83.86249073182229
83.82640953266908
83.79732894420982
83.76192284471293
83.72728476800536
83.68104191313654
83.6322463794977
83.57660790914855
83.54751836045479
83.52267569233004
83.46734304101327
83.43864357749023
83.38874223601405
83.35592842457874
83.32592540637656
83.2962271953543
83.26969948466491
83.23384794335773
83.20550247785629
83.16969859161914
83.12617289088558
83.09867573467244
83.05666355560577
83.01778795726727
82.98774285423862
82.93117910705884
82.88887563656753
82.86104922940656
82.82386890737803
82.80047249821766
82.76502719785395
82.72513161472072
82.68856766144776
82.66125200568892
82.62396391173733
82.59759680755616
82.56928985173586
82.53722065410415
82.48314719171022
82.45427203171134
82.4052333030491
82.3729157157062
82.33052243161495
82.29560093049997
82.26668960633137
82.23970079064473
82.20481411822104
82.1731627225528
82.13297712381225
82.10156820201014
82.06144096478822
82.02459177266131
81.99765101042495
81.97192147473027
81.93970857305378
81.91884015475009
81.88586111963663
81.85672562285211
81.82653050035822
81.77838437958995
81.73697677909689
81.70264538194489
81.67198519123873
81.64976746840627
81.61239457471756
81.57938538928786
81.53474734341651
81.50728120404642
81.4775355458265
81.45794417829491
81.4373900932245
81.40677518879208
81.38179488777982
81.35296260159114
81.29955444823361
81.26191537369927
81.2294995925889
81.19095786889352
81.16469341728487
