1 0.8298160792195828
2 0.6925252153913596
3 0.6920100499363546
4 0.6919793192876244
5 0.691852212612796
6 0.6915696186839926
7 0.69081602037653
8 0.689080327461678
9 0.6855736625087322
10 0.6807537655511823
11 0.667048570262496
12 0.6381420927175953
13 0.6218858965335436
14 0.5940733914315439
15 0.5718304288280405
16 0.5713272492170728
17 0.5689950323429458
18 0.5622575156833408
19 0.547539385582486
20 0.5207554554907012
21 0.4573655040665938
22 0.39099156769153515
23 0.3728753789983046
24 0.35993838961343394
25 0.3592222900749839
26 0.3582880709125961
27 0.35270551559137814
28 0.3427632836421802
29 0.32869326396951243
30 0.3159228705149795
31 0.30916418329574624
32 0.3075759797370771
33 0.30735529610721296
34 0.3070570067098703
35 0.3053525175760029
36 0.30338782906114997
37 0.3009224499646084
38 0.2923418021633638
39 0.28936849771347767
40 0.2877260781040641
41 0.28699866309718564
42 0.28560123980866203
43 0.2829604966318255
44 0.2791220277812717
45 0.2738638821751554
46 0.26948927339974055
47 0.26895418319932135
48 0.26857549125400487
49 0.2683652481269675
50 0.267696249332297
51 0.26692680246365347
52 0.2663976092188838
53 0.2654293269050549
54 0.26403606894952786
55 0.26293287102810226
56 0.26239993415375973
57 0.26170274145908307
58 0.2612190743193576
59 0.26050163106136087
60 0.25979428778312746
61 0.25952373503273307
62 0.25918430524138214
63 0.2587573390747293
64 0.258588804224083
65 0.25781856157240146
66 0.2563763606126463
67 0.2553427646962268
68 0.25434577766411626
69 0.2533612615219194
70 0.2525788019452704
71 0.2522609634258844
72 0.252049155908947
73 0.25162377651535917
74 0.25151797721764313
75 0.2506671217188856
76 0.2491969320927374
77 0.2480349781058423
78 0.24757331865346005
79 0.24734286749319437
80 0.24728959976094486
81 0.2471489362256026
82 0.24694214090870156
83 0.24659388223346662
84 0.2461012822029186
85 0.24589411903920694
86 0.24505522899924212
87 0.2448020626285451
88 0.24416864244882017
89 0.24369978012819946
90 0.2436605942565902
91 0.24350863734916797
92 0.2431050162892906
93 0.2417281505970411
94 0.24114438362434762
95 0.24046066562722535
96 0.2400126368923658
97 0.23985161655745704
98 0.2397199040857591
99 0.23961647155374854
100 0.23949309653801337
101 0.23943120922046554
102 0.23920490948366005
103 0.23898209588173952
104 0.2385892309535773
105 0.23839722289863038
106 0.23779355756531112
107 0.23738603228518917
108 0.23704146948654298
109 0.2369186542602605
110 0.23673738888608653
111 0.23660723748567647
112 0.23646151144766006
113 0.2360840039615211
114 0.23569864485188857
115 0.23504551548349253
116 0.23470096622635103
117 0.23461999258586916
118 0.23444718940316026
119 0.2343790654682911
120 0.23431176537392545
121 0.23419463569984625
122 0.23398594388650865
123 0.23380003267054883
124 0.23351543201328998
125 0.2330092376071569
126 0.23277529196657962
127 0.23272194268832788
128 0.23266002855195847
129 0.23255657578961975
130 0.2324337598834423
131 0.23221771099834984
132 0.23211997928686856
133 0.2319815413942273
134 0.23174424097469054
135 0.23129569221396867
136 0.2307717395879106
137 0.23057933213421
138 0.23028197004304643
139 0.23016833803528816
140 0.23005833838570086
141 0.22999883931222348
142 0.22996035700571452
143 0.22995135483476986
144 0.22989367246980358
145 0.2297579347281511
146 0.22943856613126626
147 0.22918281533533197
148 0.2290415936380668
149 0.22885134735336513
150 0.2287490162250569
151 0.2286019781771213
152 0.22848860050821468
153 0.228366677603394
154 0.22826663012993414
155 0.2281455201719564
156 0.22783771410896703
157 0.2272754206696019
158 0.22702962632351584
159 0.22663845801971025
160 0.22659567418887666
161 0.2265178640506161
162 0.2264046832410326
163 0.22592019196408808
164 0.22560419531494738
165 0.22517475231837464
166 0.22499754655522503
167 0.22482603637743404
168 0.22467344944982007
169 0.22449973137124715
170 0.22429273794736165
171 0.2242088454215672
172 0.22408038656521148
173 0.22399857008917887
174 0.22386433276868867
175 0.22335153228030774
176 0.22293568996913615
177 0.22280097094928164
178 0.22257404720666826
179 0.22232493662471825
180 0.22228783422510093
181 0.22215047907727473
182 0.22207011229503035
183 0.22195003300350297
184 0.22183224642040028
185 0.22164220707939183
186 0.22139572512679354
187 0.2207803210737442
188 0.22073290846777532
189 0.2205739548975318
190 0.22044591393629434
191 0.2199566726722066
192 0.21973734140482867
193 0.21960014512567028
194 0.21944389353861266
195 0.21912650030974334
196 0.21856917774865967
197 0.218296193772531
198 0.21797793390426606
199 0.21781141298262024
200 0.21770477513384667
