1 9
2 5
3 8
4 8
5 7
6 7
7 8
8 8
9 4
10 6
11 6
12 7
13 7
14 14
15 14
16 14
17 11
18 11
19 8
20 8
21 8
22 8
23 4
24 4
25 7
26 13
27 13
28 8
29 8
30 8
31 14
32 14
33 14
34 14
35 14
36 14
37 14
38 7
39 7
40 10
41 10
42 10
43 10
44 3
45 13
46 13
47 9
48 9
49 9
50 9
51 9
52 9
53 11
54 11
55 7
56 10
57 10
58 12
59 12
60 12
61 3
62 1
63 6
64 13
65 13
66 13
67 13
68 1
69 11
70 11
71 11
72 5
73 15
74 9
75 11
76 11
77 11
78 11
79 15
80 15
81 15
82 15
83 7
84 7
85 6
86 8
87 8
88 3
89 15
90 15
91 5
92 5
93 5
94 8
95 8
96 9
97 9
98 9
99 12
100 12
101 4
102 10
103 10
104 10
105 2
106 9
107 8
108 8
109 7
110 16
111 16
112 16
113 16
114 16
115 12
116 12
117 12
118 7
119 8
120 8
121 13
122 13
123 8
124 8
125 6
126 6
127 14
128 14
129 14
130 14
131 10
132 10
133 10
134 8
135 8
136 10
137 10
138 10
139 8
140 15
141 15
142 15
143 5
144 5
145 8
146 8
147 5
148 9
149 9
150 7
151 7
152 13
153 7
154 7
155 7
156 7
157 7
158 7
159 7
160 12
161 12
162 12
163 12
164 12
165 15
166 15
167 15
168 15
169 8
170 8
171 9
172 9
173 11
174 11
175 9
176 9
177 9
178 14
179 14
180 14
181 14
182 7
183 14
184 14
185 14
186 14
187 8
188 8
189 10
190 10
191 5
192 12
193 12
194 12
195 10
196 10
197 8
198 8
199 8
200 8
