2.30258509299
1.73531137217
1.16703629113
1.04082083037
0.970378222013
0.885071047036
0.821004655914
0.802640972145
0.770342809604
0.752913017862
0.732205629286
0.691431060772
0.648874013437
0.632811590094
0.613554107828
0.60819791879
0.600262124629
0.585667847326
0.57617038081
0.567491528018
0.563512915423
0.55730186347
0.553671381602
0.547917443571
0.544716646967
0.542597162741
0.537184693699
0.53443179248
0.532169267584
0.530505322639
0.528941921207
0.526840175222
0.524064952614
0.522653189778
0.520462884257
0.519273055331
0.517597021054
0.516546034615
0.5151971721
0.514503287372
0.512299556679
0.511699253277
0.510955489558
0.510450726192
0.509248204826
0.508274438719
0.507624846121
0.506715813174
0.505923470778
0.505094600674
0.504726348935
0.503946227051
0.503575945691
0.502593080838
0.502244116308
0.501952158107
0.501580301089
0.501099304224
0.500402769736
0.500076988002
0.499921030913
0.499544716551
0.499215082275
0.498810432035
0.498450438825
0.498162053375
0.497797107155
0.49736333821
0.497128658736
0.49684851475
0.496643715807
0.496453861958
0.496261038297
0.496061325335
0.495847194426
0.495705501275
0.495503259877
0.495240692636
0.495118283492
0.494862737903
0.494769388151
0.494667712342
0.494552562286
0.494430574173
0.49431790695
0.494135860444
0.494061508695
0.493952532882
0.493803469153
0.493723042598
0.493605704456
0.493505514492
0.493433942829
0.493376369029
0.493264691543
0.493219503556
0.493173672789
0.49310450277
0.493012736262
0.492937055143
