1.207537312
1.185292176
1.166618175
1.150936904
1.135723341
1.121411389
1.107769733
1.094854071
1.083197946
1.071859239
1.06143818
1.051750085
1.042143654
1.033183938
1.024658228
1.016700305
1.008686881
1.000729208
0.9933261475
0.986518416
0.9799142534
0.9732812452
0.9669945793
0.9606147749
0.9546116701
0.9489511013
0.9434551049
0.9381606316
0.9331822599
0.9281916679
0.9228515538
0.9179884758
0.9130313544
0.9084737224
0.9037394192
0.8990305878
0.8943156112
0.8901588707
0.8859570957
0.8818234209
0.8776390252
0.8737290495
0.8700639719
0.8663850582
0.8627729522
0.8592213716
0.8556776871
0.8525707286
0.8490569123
0.8458280029
0.8424632555
0.8390222543
0.8358797038
0.8329674252
0.8299563512
0.8271323388
0.8242646104
0.8211750171
0.8183365251
0.815615492
0.8131757107
0.8105198511
0.807756987
0.8050878578
0.8024759983
0.8000067534
0.7974863165
0.7950453804
0.7925165678
0.7899536673
0.7877225014
0.7855323884
0.7831206625
0.7809092324
0.7785599208
0.7762259524
0.7740861791
0.7721399546
0.770117015
0.7680678973
0.7659377658
0.7639118497
0.7618474866
0.7599556587
0.7581044124
0.7562040952
0.7540958372
0.7522664195
0.7505031692
0.7486026983
0.7467811909
0.7449770429
0.7431873116
0.7412356226
0.7395455565
0.7378324955
0.7361674411
0.734402882
0.7328509265
0.7311904857
0.729644548
0.7280541312
0.7265959437
0.7249742431
0.7234799886
0.7220113878
0.7204916376
0.719041447
0.717504197
0.7161154389
0.7146271416
0.7131393442
0.7116880636
0.7102306139
0.7087121771
0.707295237
0.705935922
0.7045399074
0.7031226117
0.7018183681
0.7005243934
0.6992587128
0.6979362958
0.6965834779
0.6952850941
0.6940479904
0.6928200551
0.6915570364
0.6902461333
0.6890089785
0.6877278268
0.6864494481
0.6850373783
0.6838965522
0.6826829169
0.6816023386
0.6804697889
0.6792662495
0.6781228966
0.6770477511
0.6758749777
0.6747148108
0.6730896749
0.6719414455
0.670837111
0.6697584181
0.6686713782
0.6676068259
0.6665691436
0.6655524111
0.6645308572
0.6634708935
0.6624887658
0.6614332676
0.6604344741
0.6593826293
0.6583345816
0.6573744649
0.6563873278
0.6554181621
0.6544440441
0.65347356
0.6525613211
0.6516131886
0.6506670693
0.6497556924
0.6487680408
0.6478404577
0.6469860369
0.6460432751
0.6451784494
0.6442381587
0.6433092303
0.6424737167
0.6415848586
0.6406948457
0.6398650561
0.6389924951
0.6381492799
0.6372367837
0.6363740193
0.635540253
0.6344818904
0.633636307
0.6327637373
0.6319120408
0.631100988
0.6302685058
0.6294238609
0.628634827
0.6278325986
0.6270759256
0.6263096366
0.6255077559
0.624749379
0.623967459
0.6232157883
0.6224475116
0.6216518513
