136.351458305
107.735714264
86.0069770701
69.2869986355
55.96084049
44.7286656709
35.7220144804
29.037357439
24.2511411298
20.8866164944
18.5245963056
16.7628639682
15.338630818
14.1669428465
13.2175577029
12.4540619997
11.8350631007
11.3193710538
10.8765164064
10.4867609472
10.1359720967
9.81554982969
9.51983534236
9.24462625686
8.98697134844
8.74483505093
8.51628143409
8.29990382632
8.09441500786
7.89905423417
7.71286381832
7.53507413348
7.36495843668
7.20201619129
7.04572871775
6.89579650481
6.75185211142
6.61335925429
6.47997466702
6.35147409888
6.22756496751
6.10786771886
5.99210892559
5.88016031468
5.77193147323
5.66715186173
5.56564611749
5.46727016673
5.37183882143
5.27918271575
5.18913397895
5.10167460159
5.01667667962
4.93403484737
4.85366513486
4.77543704697
4.69931766014
4.62527561068
4.55313313571
4.48282947432
4.41428972164
4.34743595214
4.28222742877
4.21861408653
4.15655460342
4.09597009141
4.03676854473
3.97890144106
3.922322439
3.8669984945
3.81287281139
3.75991663709
3.70809411626
3.65739567161
3.60777872642
3.55921853568
3.51169194632
3.4651605659
3.41956434205
3.37488990878
3.33109560273
3.28815457616
3.24604811301
3.20474509989
3.16422472918
3.12447051261
3.08545444108
3.04716405149
3.00957542263
2.97267459417
2.93643566626
2.90085811304
2.86591253992
2.83157434133
2.79782915166
2.76466690373
2.73207207837
2.70003180504
2.66853800806
