6 42.6346823445
7 29.308524199
8 15.9823660535
9 2.656207908
10 -10.6699502375
11 -23.996108383
12 -37.3222665285
13 -50.648424674
14 -63.9745828195
15 -77.300740965
16 -67.5930825201
17 -54.3444974246
18 -37.809212975
19 -23.6110219622
20 -12.7586298596
21 -5.0956055824
22 -0.8544594058
23 1.096299316
24 2.4500631315
25 3.7237062669
26 4.8191049677
27 5.6450741107
28 6.1624505848
29 6.4479699324
30 6.5892063552
31 6.6280835917
32 6.61132715959
33 6.56269046906
34 6.49253540186
35 6.41042226424
36 6.32347207583
37 6.23074526569
38 6.13612774862
39 6.03952682326
40 5.94544649727
41 5.85095965982
42 5.75717728508
43 5.66380146868
44 5.57259373739
45 5.48285398235
46 5.39647437541
47 5.31240817752
48 5.22843068299
49 5.14612879432
50 5.06646841748
51 4.98847365381
52 4.91089523236
53 4.83452099289
54 4.76067420558
55 4.68964305873
56 4.61935574673
57 4.55058867509
58 4.48351065913
59 4.41752536843
60 4.35262165895
61 4.28864661095
62 4.22708082799
63 4.16669745992
64 4.10761652487
65 4.04996800976
66 3.99315616807
67 3.93812379184
68 3.88485511608
69 3.83170838601
70 3.77979286042
71 3.72889219484
72 3.67889825714
73 3.63014219507
74 3.58248066413
75 3.53595977232
76 3.49012497131
77 3.44475307793
78 3.40023040436
79 3.3565324184
80 3.3137590495
81 3.27161598029
82 3.23035489409
83 3.18986890796
84 3.15041122511
85 3.11160927452
86 3.07361662828
87 3.03642605272
88 2.9998467617
89 2.96360210355
90 2.92814557608
91 2.89315254223
92 2.85874431046
93 2.82498348151
94 2.79171496869
95 2.75902102208
96 2.72692834691
97 2.69529372578
98 2.66426015559
99 2.63368913403
