8.930974861515907
8.749236215364139
8.634701014781328
8.574212959116572
8.534101456529402
8.507843684177741
8.484958122650207
8.47010678119865
8.455030123133918
8.441452491390628
8.432516898772317
8.424711334651715
8.416677835224187
8.410034739944253
8.404157523494678
8.399129059428136
8.394506675447085
8.390482181451207
8.386185152989738
8.383182091638554
8.38030889295053
8.376670808404208
8.373123837865817
8.369999344119723
8.3675264345838
8.365428467579338
8.363975892645472
8.361507199932413
8.359770109390194
8.357886044880878
8.356473655074188
8.355646879691756
8.35366489664023
8.351816132736413
8.35051269675314
8.348931401630384
8.348314231529047
8.346641662196516
8.345323417064803
8.344173673863507
8.343363583302466
8.34238754831576
8.341926934684526
8.341287173983886
8.340244478166397
8.339315296256636
8.338617126048423
8.338257235070635
8.337848938328637
8.337186255664758
8.336430370719286
8.335721922131933
8.334995930360472
8.334381303366527
8.334022699781661
8.33377328613631
8.333186116932568
8.332640877635189
8.33206565663305
8.331816211269624
8.33175270073631
8.331477433887429
8.331011261913778
8.330517158208568
8.330187996672503
8.330051645786217
8.329365954851843
8.329110726028265
8.32887966709775
8.328559469439249
8.328280297825117
8.327841628547251
8.327728464259549
8.327607926406998
8.32757234301483
8.327378045417536
8.327081929126654
8.326876719550206
8.326999230293366
8.326890946925833
8.326776459456251
8.32660094229492
8.326333182690865
8.326147978013326
8.325966683506831
8.325981231216888
8.325660715312651
8.325341604050209
8.325139294871875
8.325014125636116
8.3248892555501
8.324637433489942
8.324791395740583
8.324759750058597
8.324537186368486
8.324502769853451
8.324190567435172
8.32398454690705
8.323869539334314
8.323661754181245
8.32330732998181
8.322810532844457
8.322667146857817
8.322761861135191
8.322611931816144
8.322488161351513
8.322324172801109
8.32236901718903
8.322380131803405
8.322207106801764
8.322406554105436
8.322503857613619
8.322304792877475
8.322243370169124
8.322239126170023
8.32225051281372
8.322375778052253
8.322278811710918
8.32223796097664
8.321876637836086
8.321720561856672
8.321767282822423
8.321471069110396
8.321496909254245
8.321508298044298
8.32121350746714
8.321132997160234
8.320715895765803
8.320580707633843
8.320565482181426
8.320757864040472
8.320717596268812
8.320564091463243
8.32054686145265
8.320438355925315
8.320343361168742
8.320372178419845
8.320054008219318
8.32003120498
8.320197856892516
8.320105620164528
8.32010984930131
8.320060594417527
8.320145740989084
8.320242741268274
8.320046425492988
8.319749221711227
8.31972827074308
8.319676610528749
8.319699057699937
8.319613539637224
8.319571603992804
8.31942862724197
8.319398962855827
8.319426620519108
8.319492475732968
8.319518668191566
8.319433437227891
8.319232210271494
8.319194613735217
8.318918138454697
8.318911356718349
8.31909058141455
8.319018777295897
8.318880674414022
8.319021999389797
8.319032985242298
8.318883548983687
8.318671048118922
8.318510057045593
8.318549540810338
8.318346242292293
8.318308533675962
8.318117969761348
8.318287726377795
8.318265627326596
8.318120687409584
8.318069513587634
8.317928951671492
8.318038122065584
8.318126996672008
8.317983044482693
8.317889525253097
8.317839454592004
8.317853383964199
8.317903277063593
8.31792822455007
8.317790806852416
8.317847469716169
8.317964525224326
8.31785813808336
8.317808233027291
8.31793194121505
8.317877796946101
8.317846692081101
8.317847724859144
8.317735978480256
8.317676390443019
8.31780807902227
8.317762227046565
