0.6931471579400269
0.5769201380844581
0.5676368049636636
0.5634528329613439
0.5288504095226697
0.4904688841474252
0.4237830188957618
0.36198812857074714
0.32909944600918956
0.3186518546046524
0.31480246951179314
0.30275262268525954
0.28576255296579084
0.28359477873836564
0.2824147548285103
0.28201536866083415
0.2812543028689791
0.2799492657532248
0.27831992788142823
0.2773497555935667
0.27637561544148986
0.27537521955106914
0.2731775888850362
0.26974291499101627
0.2684068065953412
0.2678478889995257
0.2671998186994781
0.26620302948889213
0.26422674575833466
0.26392446395864005
0.2629601165046899
0.26202436779216937
0.2614931581178774
0.2601774524663619
0.2582887189688867
0.25742059854656124
0.25739104855528616
0.25728790784767963
0.2567579199264176
0.25614183583844957
0.25599948428699365
0.25518463546537395
0.2548509147900701
0.25473047034717405
0.2546108018245265
0.25438737760805663
0.2540713650193039
0.2537324630092214
0.2535367628050809
0.25339015476064236
0.2533649971797666
0.25334427410042587
0.25331677338579023
0.2532502207014071
0.25317631984847744
0.25311573791155695
0.25301988371097667
0.25290534786969965
0.2527851702394557
0.2527084416682206
0.25266180866612525
0.2526170134433673
0.2525561766725527
0.25252914878498417
0.25250426479916577
0.25247164723141297
0.25244200519477666
0.2523956868750045
0.25234676456259975
0.2522960266728644
0.25224844821971254
0.2522318552843895
0.25221560707756596
0.2521993518721739
0.25215247648130995
0.25209544284871194
0.25207049702130657
0.25202866792745054
0.2519869036983496
0.2518763591683698
0.2518155867949653
0.2517826777257229
0.2517754351650436
0.2517652915416006
0.2517438201632501
0.2517209744544696
0.2516931886914018
0.25166156227539516
0.2516268785913807
0.251567516143844
0.25153911852953137
0.25147670063615996
0.25142094277430077
0.2514077032322449
0.2513928384577021
0.251389056337855
0.25137941074844505
0.25136905970891127
0.2513505852474042
0.2513418905499788
0.2513224900576637
0.2512916262816073
0.2512468812212367
0.25123722543552457
0.25123330038166647
0.2512318046934501
0.25122263388717536
0.2512080231359011
0.251177748068378
0.2511446193975765
0.2511290701273795
0.2511189348541718
0.2511074202790426
0.2510976632017825
0.25108842592993885
0.2510832039909294
0.2510799050016075
0.25106661813110914
0.25106138360047275
0.2510409840008073
0.25102672582839053
0.2510188209023996
0.25101226735790544
0.25100529022466095
0.25100435531074006
0.2510023151904739
0.2509992981985165
0.2509946297320212
0.25098640304808356
0.2509768580262562
0.25097318161606613
0.2509592239319817
0.2509494592364107
0.2509404543703499
0.25093660757519987
0.2509346988307591
0.2509327900178168
0.25093034189326724
0.25092772343996295
0.2509252184395118
0.25091689664248257
0.2509168059888894
0.25091227883868134
0.25091054300507765
0.25090951357591973
0.2509083698172701
0.2509064836406284
0.2509048501198294
0.250902977656669
0.2508999499908329
0.25089468097378087
0.2508913635572635
0.25088817346311565
0.2508865836013927
0.25088357698078206
0.2508820657898621
0.25087793852422213
0.2508771368365913
0.25087478684732206
0.2508743880722732
0.25087336320537207
0.2508723526005404
0.25087032263464865
0.25086961367198024
0.2508689981730729
0.25086806873821843
0.25086788251480857
0.25086759310923135
0.2508669365778823
0.25086676626953835
0.250866007724278
0.25086477484731895
0.2508632930719088
0.2508617571959523
0.25085723299171164
0.25085596534806637
0.25085425310919457
0.25085376380950547
0.2508528545913253
0.2508521016428053
0.2508512563921873
0.25085099174282793
0.250850304059398
0.25084929595274347
0.25084836318832854
0.2508476150405709
0.25084609371241173
0.2508458006345541
0.25084404537015864
0.250843436164644
0.2508431382414759
0.25084241288124587
0.2508419209531447
0.25084138459174066
0.25084125106971716
0.2508405514230213
0.25084040823016956
0.2508394801409398
0.25083942408378845
0.2508390583700154
