1.0000431383
0.913849011842
0.853301188452
0.808387261119
0.777103385865
0.753594310663
0.73447855442
0.718070825246
0.703602462543
0.690626609657
0.678836727446
0.668045877542
0.658099333597
0.648868525667
0.640268586609
0.632225575366
0.624676176391
0.617573365264
0.610877668064
0.604555831894
0.598577111668
0.592912376627
0.587536705223
0.58242295661
0.577555194847
0.572921204588
0.568504404072
0.564286317777
0.560255107741
0.556390952686
0.552690072889
0.549140945859
0.545730441193
0.54245604593
0.539307433938
0.536275883112
0.53335343199
0.530533553779
0.527815263953
0.525191307583
0.522658057552
0.520208149322
0.517838983271
0.515547541715
0.513329144364
0.511179793532
0.509097084027
0.507077592301
0.505118727972
0.503216268151
0.501368661759
0.499574421586
0.497829587188
0.496131897754
0.494480363714
0.492872866968
0.491306420727
0.489779133512
0.488289361882
0.486836098989
0.485417360203
0.484031160288
0.482675416848
0.481350590679
0.480054954596
0.478788072566
0.477548317177
0.476334996541
0.475148955447
0.473988203943
0.472851193301
0.4717376496
0.470646499138
0.469577816823
0.468531096925
0.467504816551
0.46649892223
0.465511818148
0.464543028219
0.463591881019
0.462658181467
0.461741234231
0.460840831929
0.459956479777
0.459087852943
0.458234496221
0.457395040294
0.456569247892
0.455756857392
0.454957182933
0.454170192417
0.453395642111
0.452633613008
0.45188380787
0.451145720002
0.450418831019
0.449703340806
0.448998447888
0.44830391722
0.447619297921
0.44694470205
0.446279076004
0.4456226664
0.444975473232
0.444337672694
0.443708832669
0.443089001372
0.442477492506
0.441873929882
0.441278505423
0.440690824323
0.440110830109
0.439538115859
0.438972697876
0.438414650928
0.437863856504
0.437320146326
0.436783350764
0.43625281843
0.435728553532
0.435210842474
0.434699240525
0.434193754228
0.433694356324
0.433200582786
0.432712607233
0.43223014288
0.431753123497
0.431281568738
0.430815258414
0.430353943071
0.429897612626
0.42944612484
0.428999461754
0.428557601969
0.428120630982
0.427688515583
0.427260784172
0.426837555804
0.426418733617
0.426004441082
0.425594278815
0.42518828609
0.424786590651
0.42438886761
0.423995056962
0.423605249457
0.423219339182
0.422836949544
0.42245830117
0.422083227902
0.421711787647
0.421343909148
0.420979281237
0.420618031704
0.420260200546
0.419905591843
0.419554004993
0.419205394984
0.418859755417
0.41851717948
0.418177655994
0.417841106558
0.417507344105
0.417176266328
0.416847916265
0.416522285943
0.416199435761
0.415879144303
0.415561546548
0.415246657912
0.414934549928
0.414625163202
0.414318258921
0.414013901612
0.413711914748
0.413412230705
0.413114782711
0.412819737341
0.412527036146
0.412236688785
0.411948624836
0.41166276986
0.411379072131
0.411097497604
0.410818128851
0.410541139669
0.410266375063
0.409993899382
0.409723484024
0.409455245165
0.409189048466
0.408924806919
0.408662545331
0.408402261235
0.408143933829
0.407887410362
0.407632822763
0.407380026059
0.407129027898
0.406879759532
0.406632162419
0.40638630096
0.406142258057
0.405899967791
0.405659360194
0.405420374697
0.405183088731
0.404947436341
0.404713439795
0.404481063542
0.404250233516
0.404020955606
0.40379322808
0.403567036146
0.403342408342
0.40311932646
0.402897768233
0.402677641702
0.402458977185
0.402241775393
0.402026004159
0.401811631351
0.401598599615
0.40138693918
0.401176602415
0.400967667157
0.400760018946
0.400553622074
0.40034848983
0.400144553663
0.399941853851
0.399740358603
0.399540032834
0.399340910844
0.399143002752
0.398946423635
0.3987510096
0.398556743551
0.398363637085
0.398171645324
0.397980736428
0.397790993209
0.397602348142
0.397414758465
0.397228282053
0.397042853079
0.39685841526
0.39667500204
0.396492517779
0.396311099126
0.396130694872
0.395951345133
0.395772937518
0.395595467665
0.395419022089
0.395243557658
0.395069057567
0.394895582705
0.394723063073
0.394551492852
0.394380898815
0.394211276538
0.394042542426
0.393874782546
0.393707923595
0.393541985753
0.39337689373
0.393212703979
0.393049384849
0.392886928834
0.39272531149
0.392564560371
0.392404653858
0.392245595176
0.392087436917
0.39193005423
0.391773423933
0.39161757373
0.391462462997
0.391308063666
0.391154415228
0.391001447115
0.390849338008
0.39069807161
0.390547587278
0.390397839022
0.390248947692
0.390100778514
0.389953346982
0.389806632685
0.389660599264
0.389515306855
0.389370749685
0.389226905285
0.389083746905
0.388941241787
0.388799377619
0.388658262176
0.388517818435
0.388378015402
0.388238823176
0.388100259351
0.387962371855
0.387825168326
0.387688559598
0.387552549895
0.387417181715
0.387282439708
0.387148285492
0.387014681747
0.386881625118
0.38674922341
0.386617498853
0.386486367188
0.386355806768
0.386225894694
0.386096576563
0.385967838393
0.385839637001
0.385711957603
0.385584790383
0.385458109806
0.385332019735
0.385206506976
0.385081554821
0.384957171034
0.384833322649
0.384710012728
0.384587247923
0.3844650564
0.384343467667
0.384222397581
0.384101810532
0.383981758367
0.383862236332
0.383743217519
0.383624725405
0.383506703821
0.383389129838
0.383272040986
0.383155385739
0.383039218525
0.38292353102
0.382808369157
0.38269375155
0.382579634652
0.38246595501
0.38235274794
0.382240009707
0.382127718675
0.382015864786
0.381904443335
0.381793450003
0.381682918934
0.381572829738
0.381463189813
0.381353957659
0.381245144808
0.381136748127
0.381028802245
0.38092130322
0.380814213899
0.380707513605
0.380601252253
0.380495399405
0.380389914502
0.380284853922
0.380180177494
0.380075915456
0.379972004936
0.379868482599
0.379765360019
0.379662640523
0.379560306547
0.379458391613
0.379356848144
0.379255689206
0.37915494354
0.379054610634
0.378954668938
0.378855143317
0.378755996647
0.378657176706
0.378558687979
0.378460570995
0.378362851872
0.378265483175
0.378168510796
0.378071879634
0.377975540899
0.377879550016
0.377783932932
0.377688714098
0.377593846467
0.377499283072
0.377405013205
0.377311052048
0.37721742108
0.377124080723
0.377031073057
0.376938426123
0.376846128402
0.376754148566
0.376662534397
0.376571235417
0.376480272495
0.376389666155
0.376299408047
0.376209463212
0.376119840591
0.376030494109
0.375941423561
0.375852676541
0.375764256079
0.375676135677
0.375588322347
0.375500818348
0.375413643116
0.375326761174
0.375240183635
0.375153892653
0.37506788019
0.374982148917
0.374896698037
0.374811535663
0.37472663045
0.374641981276
0.374557622401
0.374473550583
0.374389749344
0.374306232079
0.374222968134
0.374140009808
0.374057352522
0.373974980531
0.373892886513
0.373811048509
0.373729491852
0.373648182003
0.373567133109
0.373486329994
0.373405801964
0.373325539357
0.373245564189
0.373165861457
0.373086431578
0.37300729308
0.372928419707
0.372849761605
0.372771338372
0.372693132482
0.372615155666
0.372537454521
0.372459995726
0.372382764759
0.37230578472
0.372229080513
0.37215263061
0.372076421568
0.37200046652
0.371924736556
0.371849237631
0.371773970289
0.371698954609
0.371624181912
0.371549630129
0.371475304162
0.371401186788
0.371327294744
0.371253613873
0.371180147829
0.371106908285
0.371033868436
0.370961032961
0.370888415655
0.370816022916
0.37074386027
0.370671931516
0.370600256674
0.370528799693
0.370457563994
0.370386544183
0.370315750121
0.370245176407
0.370174794942
0.370104612213
0.370034620515
0.36996487552
0.369895329244
0.369825981139
0.369756837116
0.369687880507
0.369619140095
0.369550590281
0.369482239483
0.369414098655
0.369346152567
0.369278403136
0.369210850968
0.369143491522
0.36907633325
0.369009387357
0.368942615995
0.368876024105
0.36880960038
0.368743334586
0.368677242608
0.368611347052
0.368545642006
0.368480114856
0.368414781318
0.368349651356
0.368284692303
0.36821993654
0.368155377133
0.368090978499
0.368026754073
0.367962697269
0.367898807328
0.367835083043
0.36777153612
0.367708161631
0.367644969868
0.367581947755
0.367519106832
0.367456440955
0.367393960913
0.367331690394
0.367269581337
0.367207636155
0.367145829531
0.367084174332
0.367022677162
0.366961366972
0.366900239502
0.36683925115
0.366778428156
0.366717774715
0.366657279265
0.366596940422
0.366536784241
0.366476812421
0.366417015705
0.366357387647
0.366297916349
0.366238622473
0.366179484993
0.366120502514
0.366061682176
0.366003010879
0.365944488056
0.365886096117
0.365827864619
0.365769791292
0.365711873908
0.365654096867
0.365596490555
0.365539043646
0.365481760859
0.365424639212
0.365367693975
0.365310911159
0.365254288919
0.365197815949
0.365141468654
0.365085258089
0.365029186788
0.364973248727
0.364917441779
0.364861776872
0.364806266862
0.364750892296
0.364695663005
0.364640583422
0.364585632501
0.364530823278
0.3644761361
0.364421580076
0.364367161047
0.364312888711
0.364258769823
0.364204771928
0.364150901581
0.364097163269
0.364043564995
0.363990104614
0.36393679008
0.363883620175
0.363830560007
0.363777614049
0.363724815119
0.363672138688
0.363619604776
0.36356721845
0.363514968845
0.363462856032
0.363410858533
0.36335897043
0.363307181855
0.363255518824
0.363203990547
0.363152597112
0.363101320755
0.363050186504
0.362999172583
0.36294830603
0.362897556687
0.362846918507
0.362796384932
0.362745990943
0.362695713823
0.362645563949
0.362595532211
0.362545622467
0.362495819954
0.362446133272
0.362396561459
0.362347082213
0.362297707045
0.362248437707
0.362199288886
0.36215023479
0.362101294837
0.362052480086
0.362003761457
0.361955156069
0.361906670669
0.361858301813
0.361810051695
0.361761904444
0.361713867674
0.361665959878
0.361618153882
0.361570457509
0.361522891064
0.361475435031
0.361428085743
0.361380821314
0.361333652414
0.361286585708
0.361239617465
0.361192733381
0.361145954389
0.361099290385
0.36105273388
0.361006277506
0.360959928858
0.360913689542
0.360867556188
0.360821525538
0.36077559768
0.360729762328
0.360684006926
0.360638357833
0.360592811606
0.360547362138
0.36050200893
0.360456746351
0.360411582655
0.360366512778
0.360321549908
0.360276684966
0.360231913638
0.360187255401
0.360142696681
0.360098224183
0.360053843609
0.360009543509
0.359965338657
0.359921244103
0.359877246504
0.359833354654
0.359789540645
0.359745806616
0.359702160936
0.359658601769
0.359615109797
0.359571695585
0.359528369691
0.359485130109
0.359441980404
0.35939891293
0.359355937062
0.359313024723
0.359270201757
0.359227466223
0.359184801313
0.359142226866
0.35909974135
0.359057335098
0.359015011511
0.358972779159
0.358930629784
0.358888555406
0.358846561947
0.358804663595
0.358762868698
0.358721139872
0.358679502805
0.358637953401
0.358596485194
0.358555097073
0.358513788806
0.358472550619
0.358431392989
0.358390334801
0.358349354796
0.358308449925
0.358267625392
0.358226885557
0.358186229267
0.358145645443
0.358105141489
0.358064729071
0.358024404552
0.357984161217
0.357943993055
0.357903915861
0.357863914573
0.357823990394
0.357784142625
0.357744370063
0.357704673523
0.357665068442
0.357625530679
0.35758606176
0.357546658488
0.357507325745
0.357468071214
0.357428884644
0.357389768556
0.357350737674
0.357311791769
0.357272914154
0.357234114421
0.357195396815
0.357156757301
0.357118196561
0.357079707764
0.357041289668
0.357002945913
0.356964678214
0.356926486801
0.356888369354
0.356850340995
0.356812388838
0.356774515662
0.356736722768
0.356698987905
0.356661318032
0.356623715442
0.356586183879
0.356548749134
0.356511383377
0.356474086663
0.356436850419
0.356399683982
0.356362585035
0.356325549172
0.356288583002
0.35625167905
0.35621484427
0.356178084014
0.356141388304
0.356104757992
0.356068209535
0.356031734479
0.355995340027
0.355959025586
0.355922786632
0.355886614238
0.355850508298
0.35581447918
0.355778513856
0.355742619049
0.355706803108
0.355671051605
0.355635367497
0.355599753565
0.355564200891
0.355528708545
0.355493285112
0.35545792647
0.355422621291
0.355387383673
0.355352204781
0.355317090351
0.355282044322
0.355247066754
0.355212163599
0.355177332699
0.355142559526
0.355107850797
0.355073197677
0.355038599081
0.355004067635
0.354969585299
0.354935158634
0.354900791542
0.354866486271
0.354832235909
0.354798048631
0.354763918487
0.354729853754
0.354695833725
0.354661877966
0.354627988503
0.354594153482
0.354560385269
0.354526690209
0.354493055841
0.35445948612
0.354425983689
0.354392548039
0.354359186613
0.354325884334
0.354292636757
0.354259452985
0.354226325504
0.354193264849
0.354160272036
0.354127331097
0.354094453864
0.354061646177
0.354028902761
0.353996218754
0.353963598704
0.353931028877
0.353898513742
0.353866053953
0.353833646459
0.353801292869
0.35376899644
0.353736761978
0.353704574999
0.353672430479
0.353640336554
0.353608291617
0.353576297539
0.353544351501
0.353512471144
0.353480649092
0.353448886634
0.353417179162
0.353385516632
0.353353904649
0.353322346382
0.353290838963
0.35325937702
0.353227964327
0.353196598569
0.353165284607
0.35313402368
0.353102825937
0.353071686833
0.353040597463
0.353009557793
0.352978570232
0.352947633781
0.352916741087
0.352885898805
0.352855110541
0.352824366283
0.352793675383
0.35276302812
0.352732429896
0.352701874169
0.352671371899
0.352640924238
0.352610534272
0.352580207395
0.352549939976
0.35251971744
0.352489544003
0.352459410626
0.352429315266
0.352399281355
0.352369298273
0.352339363264
0.352309482373
0.352279650318
0.352249882264
0.352220176584
0.352190520085
0.352160913735
0.352131350063
0.352101833361
0.352072369662
0.352042947731
0.352013574757
0.351984248067
0.351954971816
0.351925741447
0.351896565035
0.351867427625
0.351838338171
0.351809302408
0.351780310009
0.351751356794
0.351722447452
0.35169358454
0.351664759106
0.351635977306
0.351607239541
0.351578544453
0.351549903294
0.351521303109
0.351492753095
0.351464247049
0.351435781701
0.351407356736
0.351378973667
0.351350640982
0.351322362071
0.351294132015
0.351265956984
0.351237821958
0.351209730412
0.351181680239
0.35115367031
0.351125695674
0.351097759985
0.351069877559
0.351042036396
0.351014230087
0.350986471538
0.350958756447
0.350931081573
0.350903443292
0.350875849967
0.350848307231
0.35082081075
0.350793352899
0.350765942299
0.350738587481
0.350711268748
0.350683985986
0.350656747024
0.350629554875
0.350602398861
0.350575278938
0.350548190675
0.350521141091
0.350494135433
0.350467165489
0.350440232395
0.350413342722
0.350386497023
0.350359691882
0.350332929002
0.350306201805
0.350279516458
0.350252875553
0.350226270981
0.350199708417
0.350173188306
0.350146712892
0.350120280304
0.350093893122
0.350067542795
0.350041225781
0.350014943843
0.349988691734
0.349962470328
0.349936279598
0.349910118876
0.349883994417
0.349857900656
0.34983184949
0.34980583036
0.349779847217
0.349753898335
0.349727979001
0.349702098913
0.349676259072
0.349650451068
0.349624679327
0.349598942245
0.349573250559
0.349547594583
0.349521977006
0.349496400397
0.349470855782
0.349445347311
0.349419879572
0.349394447861
0.349369059561
0.349343705827
0.34931839323
0.349293116441
0.349267875181
0.34924266808
0.349217488813
0.349192340789
0.349167227789
0.349142147241
0.349117106377
0.349092098117
0.349067130446
