6 45.3682566486
7 37.0905094973
8 30.6550154284
9 25.6266437039
10 21.6621506526
11 18.5028144118
12 15.956857988
13 13.8825435461
14 12.1746888782
15 10.7546403181
16 10.4566517334
17 11.6911950832
18 7.09130819159
19 9.42112708074
20 9.48822762173
21 9.85347728359
22 10.1437309073
23 9.85119114095
24 9.32110383677
25 8.92351909735
26 8.91321879913
27 8.8773555856
28 8.7400433001
29 8.65446414294
30 8.52200798023
31 8.27331667073
32 8.00043273264
33 7.93481968114
34 7.62852348925
35 7.35001650485
36 7.1841409819
37 6.96662569929
38 6.76324920868
39 6.71531953955
40 6.65474176289
41 6.50311715232
42 6.28859301971
43 6.27532364177
44 6.08554366181
45 6.04422783479
46 5.81499833688
47 5.77810332834
48 5.60784098137
49 5.53683128854
50 5.401673728
51 5.34763455534
52 5.30349691779
53 5.20525163306
54 5.03176872223
55 5.02622106892
56 4.86243477858
57 4.88481010162
58 4.75638861123
59 4.69953748185
60 4.57821161673
61 4.47531807904
62 4.47683376504
63 4.39530609947
64 4.32459057325
65 4.25927918261
66 4.19822732937
67 4.11078199571
68 4.05771375943
69 4.0140409002
70 3.96277941702
71 3.89234085744
72 3.8439955236
73 3.77162762138
74 3.73499699772
75 3.68494505515
76 3.62894536449
77 3.58140007415
78 3.50845008373
79 3.45373916543
80 3.43522223701
81 3.37420701987
82 3.32670777125
83 3.2843360088
84 3.26297367441
85 3.21952063335
86 3.1808513841
87 3.1436270848
88 3.09850486127
89 3.0668523773
90 3.02023670376
91 2.98520770591
92 2.94602129643
93 2.90870441797
94 2.87496724466
95 2.81476876603
96 2.81474052036
97 2.78709152045
98 2.74367569233
99 2.70577512135
