1 136.351458305
2 107.735714264
3 86.0069770701
4 69.2869986355
5 55.96084049
6 44.7286656709
7 35.7220144804
8 29.037357439
9 24.2511411298
10 20.8866164944
11 18.5245963056
12 16.7628639682
13 15.338630818
14 14.1669428465
15 13.2175577029
16 12.4540619997
17 11.8350631007
18 11.3193710538
19 10.8765164064
20 10.4867609472
21 10.1359720967
22 9.81554982969
23 9.51983534236
24 9.24462625686
25 8.98697134844
26 8.74483505093
27 8.51628143409
28 8.29990382632
29 8.09441500786
30 7.89905423417
31 7.71286381832
32 7.53507413348
33 7.36495843668
34 7.20201619129
35 7.04572871775
36 6.89579650481
37 6.75185211142
38 6.61335925429
39 6.47997466702
40 6.35147409888
41 6.22756496751
42 6.10786771886
43 5.99210892559
44 5.88016031468
45 5.77193147323
46 5.66715186173
47 5.56564611749
48 5.46727016673
49 5.37183882143
50 5.27918271575
51 5.18913397895
52 5.10167460159
53 5.01667667962
54 4.93403484737
55 4.85366513486
56 4.77543704697
57 4.69931766014
58 4.62527561068
59 4.55313313571
60 4.48282947432
61 4.41428972164
62 4.34743595214
63 4.28222742877
64 4.21861408653
65 4.15655460342
66 4.09597009141
67 4.03676854473
68 3.97890144106
69 3.922322439
70 3.8669984945
71 3.81287281139
72 3.75991663709
73 3.70809411626
74 3.65739567161
75 3.60777872642
76 3.55921853568
77 3.51169194632
78 3.4651605659
79 3.41956434205
80 3.37488990878
81 3.33109560273
82 3.28815457616
83 3.24604811301
84 3.20474509989
85 3.16422472918
86 3.12447051261
87 3.08545444108
88 3.04716405149
89 3.00957542263
90 2.97267459417
91 2.93643566626
92 2.90085811304
93 2.86591253992
94 2.83157434133
95 2.79782915166
96 2.76466690373
97 2.73207207837
98 2.70003180504
99 2.66853800806
