6 46.6600667259
7 39.0785159857
8 33.1186321029
9 28.3715875393
10 24.5424998783
11 21.4170223672
12 18.8376820082
13 16.6874108367
14 14.8781162141
15 13.3427129922
16 11.3581186598
17 9.58470875338
18 8.25232769566
19 7.26820600745
20 6.52680544288
21 5.9570809781
22 5.49954771737
23 5.12353680205
24 4.97212701279
25 5.46155503015
26 5.80516577138
27 6.05690338688
28 6.19249278968
29 6.34295508362
30 6.45732294154
31 6.54270675864
32 6.60423398239
33 6.64607701753
34 6.67166338152
35 6.6837721581
36 6.63712412103
37 6.63208836099
38 6.6191032907
39 6.59951461272
40 6.57446951246
41 6.54493421592
42 6.51167200512
43 6.47538126972
44 6.43658738623
45 6.39576156522
46 6.3532995591
47 6.30954319797
48 6.2647744434
49 6.21922872879
50 6.17310699864
51 6.12658247293
52 6.07980320831
53 6.03287616107
54 5.98591335473
55 5.93899501568
56 5.89220271588
57 5.84560031817
58 5.79924683766
59 5.75317728797
60 5.66284917072
61 5.61780744958
62 5.57317516156
63 5.5289800508
64 5.48523283805
65 5.44194528588
66 5.39912533973
67 5.35678059752
68 5.31491839402
69 5.27354120226
70 5.23265049723
71 5.19224634993
72 5.15232754608
73 5.11289261188
74 5.07393963856
75 5.03546776598
76 4.99746886667
77 4.95994382177
78 4.9228825393
79 4.88628200508
80 4.8501349221
81 4.81443683098
82 4.77918096545
83 4.74436125364
84 4.70997211905
85 4.67600777358
86 4.64246247746
87 4.60933067873
88 4.57660657892
89 4.54428375815
90 4.51235611299
91 4.48081728242
92 4.44966091176
93 4.41888086565
94 4.38847091735
95 4.35842497749
96 4.32873712838
97 4.29940139365
98 4.27041203961
99 4.24176337076
